902002277
902002278
902002335
902002339
902002344
902002348
902002349
902002377
902002388
902002447
902002555
902002556
902002566
902002568
902002588
902002599
902002667
902002668
902002669
902002689
902002699
902002788
902002888
902003337
902003355
902003357
902003359
902003366
902003368
902003369
902003377
902003378
902003389
902003444
902003448
902003456
902003459
902003566
902003569
902003666
902003667
902003779
902003799
902003888
902003899
902004446
902004447
902004466
902004468
902004479
902004489
902004555
902004567
902004599
902004667
902004669
902004677
902004777
902004778
902004888
902004999
902005666
902005668
902005669
902005678
902005699
902005799
902006669
902006688
902006788
902006889
902006999
902007778
902007888
902007889
902011114
902011115
902011116
902011117
902011118
902011119
902011123
902011128
902011129
902011155
902011166
902011168
902011177
902011178
902011188
902011222
902011223
902011229
902011236
902011244
902011249
902011258
902011259
902011288
902011339
902011345
902011357
902011358
902011369
902011444
902011445
902011447
902011455
902011458
902011466
902011469
902011477
902011555
902011566
902011577
902011579
902011599
902011668
902011699
902011778
902011788
902011789
902011888
902012223
902012226
902012228
902012234
902012235
902012238
902012244
902012246
902012249
902012266
902012268
902012299
902012333
902012336
902012339
902012347
902012349
902012359
902012366
902012368

902012378
902012389
902012456
902012457
902012467
902012479
902012499
902012557
902012567
902012569
902012578
902012677
902012678
902012688
902012777
902012799
902012999
902013333
902013337
902013338
902013339
902013345
902013355
902013356
902013399
902013444
902013448
902013449
902013456
902013468
902013556
902013578
902013666
902013668
902013669
902013689
902013789
902013799
902014456
902014478
902014488
902014556
902014559
902014567
902014579
902014666
902014668
902014677
902014777
902014788
902015569
902015578
902015667
902015688
902015777
902015789
