899767767
906750675
931545545
706145821
931242242
794686686
793696696
896642435	
899929727
898875727
898524727
904624577
906225123
936210456
936202797
934642656
934573797
934675444
904500677
906280444
934606571
903475234
934610444
936023384
904624577
906225123
936210456
936202797
934642656
934573797
934675444
904500677
906280444
934606571
903475234
934610444
936023384
706145821
931242242
794686686
793696696
896642435	
899929727
898875727
898524727
904624577
906225123
936210456
936202797
934642656
934573797
934675444
934610444
936023384
904624577
906225123
936210456
936202797
934642656
934573797
934675444
904500677
906280444
934606571
903475234